{
 "cells": [
  {
   "cell_type": "code",
   "execution_count": 6,
   "metadata": {},
   "outputs": [],
   "source": [
    "#%%\n",
    "from datetime import datetime\n",
    "from importlib import reload\n",
    "\n",
    "import sys\n",
    "sys.path.append('/Users/jessealdridge/Dropbox/vnpy')\n",
    "\n",
    "import vnpy.app.portfolio_strategy\n",
    "reload(vnpy.app.portfolio_strategy)\n",
    "\n",
    "from vnpy.app.portfolio_strategy import BacktestingEngine\n",
    "from vnpy.trader.constant import Interval\n",
    "\n",
    "import vnpy.app.portfolio_strategy.strategies.my_trend_following_strategy as stg\n",
    "reload(stg)\n",
    "from vnpy.app.portfolio_strategy.strategies.my_trend_following_strategy import MyTrendFollowingStrategy\n"
   ]
  },
  {
   "cell_type": "code",
   "execution_count": 7,
   "metadata": {},
   "outputs": [],
   "source": [
    "#%%\n",
    "engine = BacktestingEngine()\n",
    "engine.set_parameters(\n",
    "    vt_symbols=[\"AAPL.NYSE\", \"MSFT.NYSE\"],\n",
    "    interval=Interval.MINUTE,\n",
    "    start=datetime(2019, 1, 1),\n",
    "    end=datetime(2020, 4, 30),\n",
    "    rates={\n",
    "        \"AAPL.NYSE\": 0/10000,\n",
    "        \"MSFT.NYSE\": 0/10000\n",
    "    },\n",
    "    slippages={\n",
    "        \"AAPL.NYSE\": 0,\n",
    "        \"MSFT.NYSE\": 0\n",
    "    },\n",
    "    sizes={\n",
    "        \"AAPL.NYSE\": 10,\n",
    "        \"MSFT.NYSE\": 10\n",
    "    },\n",
    "    priceticks={\n",
    "        \"AAPL.NYSE\": 1,\n",
    "        \"MSFT.NYSE\": 1\n",
    "    },\n",
    "    capital=1_000_000,\n",
    ")\n",
    "\n",
    "setting = {\n",
    "    \"boll_window\": 20,\n",
    "    \"boll_dev\": 1,\n",
    "}\n",
    "engine.add_strategy(MyTrendFollowingStrategy, setting)"
   ]
  },
  {
   "cell_type": "code",
   "execution_count": 8,
   "metadata": {},
   "outputs": [
    {
     "name": "stdout",
     "output_type": "stream",
     "text": [
      "2020-08-25 16:30:21.716960\tStart loading historical data\n",
      "2020-08-25 16:30:21.717345\tAAPL.NYSE Loading progress： [6%]\n",
      "2020-08-25 16:30:21.717413\tAAPL.NYSE Loading progress：# [12%]\n",
      "2020-08-25 16:30:21.717454\tAAPL.NYSE Loading progress：# [19%]\n",
      "2020-08-25 16:30:21.717487\tAAPL.NYSE Loading progress：## [25%]\n",
      "2020-08-25 16:30:21.717550\tAAPL.NYSE Loading progress：### [31%]\n",
      "2020-08-25 16:30:21.717607\tAAPL.NYSE Loading progress：### [37%]\n",
      "2020-08-25 16:30:21.717645\tAAPL.NYSE Loading progress：#### [43%]\n",
      "2020-08-25 16:30:21.717681\tAAPL.NYSE Loading progress：#### [49%]\n",
      "2020-08-25 16:30:21.717715\tAAPL.NYSE Loading progress：##### [56%]\n",
      "2020-08-25 16:30:21.717743\tAAPL.NYSE Loading progress：###### [62%]\n",
      "2020-08-25 16:30:21.717769\tAAPL.NYSE Loading progress：###### [68%]\n",
      "2020-08-25 16:30:21.717795\tAAPL.NYSE Loading progress：####### [74%]\n",
      "2020-08-25 16:30:21.717818\tAAPL.NYSE Loading progress：######## [80%]\n",
      "2020-08-25 16:30:21.717839\tAAPL.NYSE Loading progress：######## [87%]\n",
      "2020-08-25 16:30:21.718007\tAAPL.NYSE Loading progress：######### [93%]\n",
      "2020-08-25 16:30:21.718037\tAAPL.NYSE Loading progress：######### [99%]\n",
      "2020-08-25 16:30:21.718061\tAAPL.NYSE Loading progress：########## [100%]\n",
      "2020-08-25 16:30:21.718084\tAAPL.NYSE The historical data has been loaded, the amount of data: 0\n",
      "2020-08-25 16:30:21.718114\tMSFT.NYSE Loading progress： [6%]\n",
      "2020-08-25 16:30:21.718141\tMSFT.NYSE Loading progress：# [12%]\n",
      "2020-08-25 16:30:21.718250\tMSFT.NYSE Loading progress：# [19%]\n",
      "2020-08-25 16:30:21.718298\tMSFT.NYSE Loading progress：## [25%]\n",
      "2020-08-25 16:30:21.718328\tMSFT.NYSE Loading progress：### [31%]\n",
      "2020-08-25 16:30:21.718351\tMSFT.NYSE Loading progress：### [37%]\n",
      "2020-08-25 16:30:21.718378\tMSFT.NYSE Loading progress：#### [43%]\n",
      "2020-08-25 16:30:21.718401\tMSFT.NYSE Loading progress：#### [49%]\n",
      "2020-08-25 16:30:21.718428\tMSFT.NYSE Loading progress：##### [56%]\n",
      "2020-08-25 16:30:21.718450\tMSFT.NYSE Loading progress：###### [62%]\n",
      "2020-08-25 16:30:21.718476\tMSFT.NYSE Loading progress：###### [68%]\n",
      "2020-08-25 16:30:21.718499\tMSFT.NYSE Loading progress：####### [74%]\n",
      "2020-08-25 16:30:21.718525\tMSFT.NYSE Loading progress：######## [80%]\n",
      "2020-08-25 16:30:21.718545\tMSFT.NYSE Loading progress：######## [87%]\n",
      "2020-08-25 16:30:21.718563\tMSFT.NYSE Loading progress：######### [93%]\n",
      "2020-08-25 16:30:21.718582\tMSFT.NYSE Loading progress：######### [99%]\n",
      "2020-08-25 16:30:21.718604\tMSFT.NYSE Loading progress：########## [100%]\n",
      "2020-08-25 16:30:21.718643\tMSFT.NYSE The historical data has been loaded, the amount of data: 0\n",
      "2020-08-25 16:30:21.718664\tAll historical data loaded\n",
      "2020-08-25 16:30:21.718774\tStrategy initialization completed\n",
      "2020-08-25 16:30:21.718799\tStart playback of historical data\n",
      "2020-08-25 16:30:21.718829\tEnd of historical data playback\n",
      "2020-08-25 16:30:21.718897\tStart calculating mark-to-market profit and loss\n",
      "2020-08-25 16:30:21.718921\tThe transaction record is empty and cannot be calculated\n",
      "2020-08-25 16:30:21.718977\tStart calculating strategy statistics\n",
      "2020-08-25 16:30:21.718998\t------------------------------\n",
      "2020-08-25 16:30:21.719013\tFirst trading day: \t\n",
      "2020-08-25 16:30:21.719027\tLast trading day: \t\n",
      "2020-08-25 16:30:21.719042\tTotal trading days: \t0\n",
      "2020-08-25 16:30:21.719056\tProfitable days: \t0\n",
      "2020-08-25 16:30:21.719071\tLoss Days: \t0\n",
      "2020-08-25 16:30:21.719089\tStarting capital: \t1,000,000.00\n",
      "2020-08-25 16:30:21.719250\tEnding capital: \t0.00\n",
      "2020-08-25 16:30:21.719278\tTotal return: \t0.00%\n",
      "2020-08-25 16:30:21.719300\tAnnualized return: \t0.00%\n",
      "2020-08-25 16:30:21.719580\tMax drawdown: \t0.00\n",
      "2020-08-25 16:30:21.719607\tMax drawdown percent: 0.00%\n",
      "2020-08-25 16:30:21.719621\tMaximum drawdown days: \t0\n",
      "2020-08-25 16:30:21.719635\tTotal profit and loss: \t0.00\n",
      "2020-08-25 16:30:21.719714\tTotal commissions: \t0.00\n",
      "2020-08-25 16:30:21.719738\tTotal slippage: \t0.00\n",
      "2020-08-25 16:30:21.719752\tTotal turnover: \t0.00\n",
      "2020-08-25 16:30:21.719763\tTotal trade count: \t0\n",
      "2020-08-25 16:30:21.719780\tAverage daily profit and loss: \t0.00\n",
      "2020-08-25 16:30:21.719799\tAverage daily commission: \t0.00\n",
      "2020-08-25 16:30:21.719815\tAverage daily slippage: \t0.00\n",
      "2020-08-25 16:30:21.719828\tAverage daily turnover: \t0.00\n",
      "2020-08-25 16:30:21.719840\tAverage daily trade count: \t0\n",
      "2020-08-25 16:30:21.719851\tAverage daily rate of return: \t0.00%\n",
      "2020-08-25 16:30:21.719863\tReturn standard deviation: \t0.00%\n",
      "2020-08-25 16:30:21.719892\tSharpe Ratio: \t0.00\n",
      "2020-08-25 16:30:21.719907\tEarnings drawdown ratio: \t0.00\n",
      "2020-08-25 16:30:21.720006\tCompletion of calculation of strategy statistics indicators\n"
     ]
    }
   ],
   "source": [
    "#%%\n",
    "engine.load_data()\n",
    "engine.run_backtesting()\n",
    "df = engine.calculate_result()\n",
    "engine.calculate_statistics()\n",
    "engine.show_chart()"
   ]
  },
  {
   "cell_type": "code",
   "execution_count": null,
   "metadata": {},
   "outputs": [],
   "source": []
  }
 ],
 "metadata": {
  "kernelspec": {
   "display_name": "vnpy",
   "language": "python",
   "name": "crashrank"
  },
  "language_info": {
   "codemirror_mode": {
    "name": "ipython",
    "version": 3
   },
   "file_extension": ".py",
   "mimetype": "text/x-python",
   "name": "python",
   "nbconvert_exporter": "python",
   "pygments_lexer": "ipython3",
   "version": "3.8.1"
  }
 },
 "nbformat": 4,
 "nbformat_minor": 4
}
